INST
geom { OFF
8 6 12
-1 -1 -1
-1 -1 1
-1 1 -1
-1 1 1
1 -1 -1
1 -1 1
1 1 -1
1 1 1
4 0 1 3 2 
4 0 1 5 4 
4 0 2 6 4 
4 7 6 4 5 
4 7 6 2 3 
4 7 5 1 3 
 }
transforms { TLIST
1 0 0 0 
0 0.707106772982 0.707106789391 0 
0 -0.707106789391 0.707106772982 0 
0 0 0 1 

0.707106772982 0 -0.707106789391 0 
0 1 0 0 
0.707106789391 0 0.707106772982 0 
0 0 0 1 

0.707106772982 0.707106789391 0 0 
-0.707106789391 0.707106772982 0 0 
0 0 1 0 
0 0 0 1 

}
}

